46690.661638533216
1347.6893132395137
48400.06691229256
47268.95564171316
1581.4552369525811
1581.4552369525811
123765.78210498948
3329.2420548268806
2946.573256838743
3066.8608119757127
2178.5223049477886
12866.312066123455
888.0090194365625
31916.373595989047
1612.2585879846843
5903.278007142282
2960.0541698552065
1274.0432703034412
1980.7209710221864
167124.81688696612
2609.0914834973523
1272.1128830808907
793.5156194188804
18251.019523453553
20114.975542817538
1279.6659668776904
2030.4400938884805
1188.124355332194
1154.7490800019289
14314.8136477331
1736.3577383455095
1347.73283118104
13420.738629879446
500.0
661.7033393741381
500
500
11298.620099398388
2882.069547631157
1083.414094145818
500
4725.866004622062
1806.0353057858758
21005.76866696105
1517.7590967849007
4211.728426461029
1432.8800199642426
1087.6427911880724
500
1155.5792874818105
6331.772286878703
1295.036233574454
211226.73407331188
2448.9072802258956
4570.608750514023
1214.6719894746943
3962.3321258771307
2186.966139880911
5566.377274990739
167127.46688862328
747.6537698997643
24680.73488635647
4179.851068217504
3333.343056802951
964.0749385500965
500.0
500.0
500
23556.079397557387
12755.371093414851
321032.9884673877
347283.6835663945
3322.3856737963683
14841.37754713035
25860.73168268433
15984.692573856419
8127.3096814282835
3183.345219522822
1889.156264164734
77106.60048514575
2144.359498061075
500
22770.367949259282
75717.53266641333
1208.3724115090847
3722.3867927060955
8084.949673052026
1248.3142782641874
1426.0902138127335
962.1280234483065
2542.537904211215
31057.509009803973
3119.1943684285748
2272.1302622606895
1278.0976312414252
62887.531225207975
500.0
238858.31693017768
500
11347.590168244667
1621.2987958763363
4926.409579543793
1069.840520658168
18900.233543666305
1271.729563404661
39685.15286751395
7042.458084627855
7458.40621456911
173234.46994852417
3091.0743431333885
1034.772159091129
38236.99175035294
234692.47786695624
24614.6677823708
62387.76051582279
1454.4451615556543
1413.901829243106
1223.98581893017
2285.938280483418
1820.5326388653832
1349.440184481148
7418.5830823938995
7705.083526163349
2174.1463168393857
2174.1463168393857
2291.9078365343635
133437.8655378782
1130.9232805034
24638.918336034567
2747.494405306062
2747.494405306062
3606.7831105214627
632.3094779699514
30467.577548946345
1994.3108550426516
2294.132142363619
19802.63746160237
21410.58493750683
1161.563974287029
4478.57352724862
18264.881059758805
23676.998433413886
180514.5421971477
1668.3208190418122
2881.368830417461
500.0
2637.7359879089317
1853.7713374066398
3347.947443970531
913.8410457972387
24433.026435499145
22116.477472125014
3081.8670705519803
1443.0085464280432
8346.074600230091
836.2277680141275
500.0
609.6779544779411
17065.428020171046
5105.004786113108
206986.72453365257
701.139654966989
1393.3865666099962
500
169312.90516405698
1788.481935945089
765.2998792649333
8324.909479339274
500
17881.74534705257
1643.1676979562187
500.0
1859.9937399929158
21994.3555110258
973.0160810433745
1019.6307254049021
5417.671103728286
1281.7128206796585
500
4221.159801813645
36881.83368545046
895.8584975946511
3424.627767910439
5067.929266546822
676.3520843851757
961.3312142554344
16828.814410460735
1056.8061034789582
993.2596654472774
5751.327461596703
20735.431086630964
4069.5990451740445
575.7681829794799
500.0
15955.687711897366
7138.188102869037
885.7810143875574
2320.158541066097
7696.452049958004
728.4680563216677
54589.72439190038
939.2289432606427
3826.463583466944
1254.4664007663748
20639.76022542682
610.175093147805
1993.538444014572
108008.16909096685
903.4533336333023
73421.40491534893
866.3102987116363
73994.45734349465
4477.389230837245
2116.3395107369897
9257.271546495544
204065.33388913263
1459.213064064103
15752.518702009582
80233.84495579882
6554.2143094908
544.3477727131637
590.6876647735409
19387.64623254607
116237.03632516213
500.1355060834494
724.3150906353919
34533.81436317755
1018.6047903298321
1179.2358355082442
2976.895698817288
500.0
12451.554407897558
1754.8013474445422
500
500
8965.28710410143
755.9259097788185
969.333870962954
741.5144082713592
1096.769432073788
500
17373.441298472775
5784.606658912798
500.0
59618.495649154655
1651.3935556750237
921.3925153961259
1651.3935556750237
787.8780899602309
84465.98781004688
11710.194087951288
3780.430214585389
873.0177643241599
1051.7373417460335
2723.273907712048
1460.6785532223296
1114.3114433378698
1888.127301469378
145318.11352781055
2453.393543888939
500.0
500
500
3584.7540661713615
2338.7840711473063
22701.90792375496
845.3910203052446
14781.221322079935
500.0
4822.256265689062
15587.402708215765
1019.352280631733
1019.352280631733
1132.5295221821914
500.0
500.0
500.0
1521.608773421738
1540.5054989583493
500.0
1015.0209919166053
25941.825013442623
500.0
1968.6955762290731
1025.0513348121913
1456.198178413069
1381.6279776242393
5908.379213110911
1251.0035602417092
1143.1079201670123
9251.67015321487
1032.9468375411627
795.4119609995
1186.4730775857583
8050.74429021662
658.7506456805743
3176.1222861486303
595.9403632481497
2626.5429108888925
787.9936494160406
24871.652735387856
25746.021171376266
1319.8227144161317
648.2466020333189
650.8613942587607
4259.3871814471095
4741.963046974031
81414.89115929606
129873.06881969223
21458.180945320964
28564.011742207756
703.302463723231
1178.5615263035322
24659.7419071817
500.0
2933.0431808506696
55950.72088737995
500
59945.79674877641
797.3361399220403
3263.4495954334448
65764.80512148989
2446.048841170201
523.7412497720934
6484.152907868726
500.0
500
1482.3589233676157
10983.138340563182
7982.722514712644
1041.3737380863402
2210.612898786078
26406.820913291256
29658.837353904248
1161.3264382632706
848.7025190869984
1066.8277678206807
1800.401182149357
178170.59839620715
898.7158171055327
910.7770333794764
5187.560351723467
3045.2674730196204
500
587.2370005522861
738.6385741865972
4957.677932476139
85989.1644437124
173803.3733715829
1729.5809053335752
6193.467353795447
4690.697479524896
983.8863893326183
2531.099160198037
2138.5155799436056
804.9689287606187
500.0
1127.0966533226256
1189.145875661726
3635.8208393739665
500.0
2916.599099762893
5295.456333244546
649.2718861327465
168389.1000464027
1062.2877233594481
2933.543051966898
1983.954665655306
1983.954665655306
8365.904756340731
111410.40992830056
1241.8829165738953
173930.53427857367
173930.53427857367
1750.824821032778
123819.40292225666
3654.804382388175
4223.076374347158
945.6543126770171
6684.969010329778
1893.5701589024623
843.9708871976649
3952.5024155584592
500.0
500.0
3159.5122554872178
500.0
32568.19798118048
24898.518262089703
1211.1901831851155
3205.234654151001
11853.124533396081
500
1643.950405537533
3105.701634017735
535.2587577479948
500.0
2577.1281024131013
3071.637789023555
108744.28431690828
7877.707175622752
757.3650765035032
500.0
500
127758.51140914121
13704.560793259006
540.5943397648883
1383.3793511487668
2038.940232643232
4456.998453399639
782.0457684264894
24587.797395003774
3128.0191054587094
25539.71114046345
167152.96404118036
13155.525219414161
500.0
7582.309688069908
675.1969326264609
11368.14219246798
841.3123475674664
46769.43319819488
5967.78185132016
920.9731245331691
106480.12009485062
3587.343970697671
500.0
8878.22839546229
1290.9433381303916
678.6077688380726
1143.8929933666332
500
1601.143866856968
1871.5581080870081
14154.750885938627
1430.4143914972651
902.4187339619598
117533.86431072373
4068.4344161085232
9284.96967655631
107013.52995718949
4102.107725419377
500.0
500
8408.409085461124
500.0
745.1117267162267
1471.8103562266206
1666.846699229401
733.550203776591
1645.6020799945918
745.7621728286917
500.0
16883.401317218544
1419.3727955504728
595.5220764850214
221560.37073076054
1405.2484960869085
181860.89967552247
4386.130537577634
8558.406736453266
96800.57669548113
1506.426138479552
16422.620404894635
3076.228185411467
34276.40150232299
1271.8290802323997
820.8481353821815
500
948.1249239806164
500
1214.8695002892578
37709.72885082098
500
500
500
561.8953902457978
812.6084553376218
1153.9126439458735
603.366288309352
2080.6744636686512
10031.227896909266
698.8936174403916
549.2363525918954
778.0520147316315
500
3225.9228221537205
2464.0082848173856
505.34745737123313
2209.6519641138175
130091.34326447382
1958.7431128929536
500
1022.3010592484351
1184.1784075134444
10019.828229085142
12273.139296427393
935.2377117121305
133205.76447799773
145951.1516798457
500
39221.91503115871
2357.1570060011454
2418.9195441733436
1452.97058523542
6931.811357928819
2280.922171402891
1009.7565245306321
2013.1590614801437
500.0
1229.51129536261
27355.656191684167
518.3291787106582
4611.1529271478375
15257.185724931162
3462.850808951141
8579.630810651943
500.0
500
133334.409354996
500.0
2964.752175160336
149286.33400507466
11921.569471185932
988.6909857433959
513.5150268527501
500.0
1045.7541775903226
500
623.2181421020808
3376.8782113659254
500
